11
1
1
11
700
700
11
1
700
11
700
1
15
700
50
15
700
100
15
700
150
15
700
200
15
700
250
15
700
450
15
700
500
15
700
550
15
700
600
15
700
650
15
50
1
15
100
1
15
150
1
15
200
1
15
250
1
15
300
1
15
350
1
15
400
1
15
450
1
15
500
1
15
550
1
15
600
1
15
650
1
15
50
700
15
100
700
15
150
700
15
200
700
15
250
700
15
300
700
15
350
700
15
400
700
15
450
700
15
500
700
15
550
700
15
600
700
15
650
700
15
1
50
15
1
100
15
1
150
15
1
200
15
1
250
15
1
450
15
1
500
15
1
550
15
1
600
15
1
650
15
300
568
11
128
436
11
257
635
11
140
645
11
243
123
11
321
354
15
435
132
15
111
80
15
534
435
15
200
300
15
400
435
15
352
310
11
345
267
11
450
550
11
470
180
11
580
600
11
390
230
15
235
250
15
640
400
15
470
330
15
240
160
11
100
240
11
620
100
15
50
600
15
450
590
11
300
430
11
60
125
15
160
540
2
200
650
11
200
500
15
360
60
11
640
510
15
660
140
15
600
210
11
590
280
11
490
460
