11
1
1
11
700
700
11
1
700
11
700
1
15
700
50
15
700
100
15
700
150
15
700
200
15
700
450
15
700
500
15
700
550
15
700
600
15
700
650
15
1
50
15
1
100
15
1
150
15
1
200
15
1
250
15
1
300
15
1
350
15
1
400
15
1
450
15
1
500
15
1
550
15
1
600
15
1
650
15
50
1
15
100
1
15
150
1
15
200
1
15
250
1
15
300
1
15
350
1
15
400
1
15
450
1
15
500
1
15
550
1
15
600
1
15
650
1
15
50
700
15
300
700
15
350
700
15
400
700
15
450
700
15
500
700
15
550
700
15
600
700
15
650
700
15
125
325
15
70
310
15
90
390
15
85
500
15
80
700
15
55
250
15
44
180
15
78
150
15
60
420
15
80
630
15
72
560
2
55
90
15
170
145
15
260
220
15
320
190
15
375
220
15
450
200
15
510
195
15
570
230
15
120
220
15
190
200
15
250
160
15
320
140
15
400
170
15
590
130
15
465
145
15
560
160
11
585
190
11
500
230
11
440
240
11
100
460
11
220
230
11
120
260
15
285
440
15
335
450
15
380
435
15
430
455
15
485
450
15
540
430
15
600
440
15
650
445
15
300
485
15
285
520
15
295
650
4
550
575
11
530
625
11
570
625
11
570
575
11
570
525
11
530
525
12
510
525
12
510
625
12
490
525
12
490
625
12
470
525
12
470
625
