11
1
1
11
700
700
11
1
700
11
700
1
15
700
50
15
700
100
15
700
150
15
700
200
15
700
250
15
700
450
15
700
500
15
700
550
15
700
600
15
700
650
15
50
1
15
100
1
15
300
1
15
350
1
15
400
1
15
450
1
15
500
1
15
550
1
15
600
1
15
650
1
15
50
700
15
100
700
15
150
700
15
200
700
15
250
700
15
300
700
15
350
700
15
400
700
15
450
700
15
500
700
15
550
700
15
600
700
15
650
700
15
1
50
15
1
100
15
1
150
15
1
200
15
1
250
15
1
300
15
1
350
15
1
400
15
1
450
15
1
500
15
1
550
15
1
600
15
1
650
15
320
100
15
360
60
15
500
80
15
550
140
15
610
50
15
400
160
15
450
130
15
480
200
1
330
165
1
380
240
1
340
110
1
520
180
1
560
210
1
660
100
1
305
140
1
315
200
1
440
85
1
410
120
1
650
50
15
320
230
15
600
200
1
570
260
1
650
250
15
660
170
15
450
240
11
40
160
11
60
120
11
45
90
15
70
50
15
60
200
11
50
250
11
60
290
11
50
320
11
40
360
15
65
400
11
48
450
11
70
480
15
55
530
11
40
590
11
70
630
11
60
660
11
218
470
11
200
500
11
180
540
11
200
570
11
230
610
11
210
645
11
248
470
11
240
500
11
220
540
11
240
570
11
260
610
11
250
645
11
400
470
11
380
500
11
410
540
11
395
570
11
410
610
11
388
645
11
430
470
11
410
500
11
440
540
11
425
570
11
440
610
11
418
645
11
568
470
11
590
500
11
575
540
11
560
570
11
590
610
11
580
645
15
660
480
15
635
560
15
650
635
