11
1
1
11
700
700
11
1
700
11
700
1
15
700
50
15
700
100
15
700
150
15
700
200
15
700
250
15
700
300
15
700
350
15
700
400
15
700
450
15
700
500
15
700
550
15
700
600
15
700
650
15
50
1
15
100
1
15
150
1
15
200
1
15
250
1
15
300
1
15
350
1
15
400
1
15
450
1
15
500
1
15
550
1
15
600
1
15
650
1
15
50
700
15
100
700
15
150
700
15
200
700
15
250
700
15
300
700
15
350
700
15
400
700
15
440
700
15
610
700
15
660
700
15
1
50
15
1
100
15
1
150
15
1
200
15
1
240
15
1
440
15
1
500
15
1
550
15
1
600
15
1
650
11
150
100
11
190
100
11
110
100
11
190
140
11
110
140
11
400
150
11
360
150
11
440
150
11
360
190
11
440
190
11
100
650
11
140
650
11
180
650
11
100
610
11
180
610
11
350
500
11
350
460
11
350
540
11
390
460
11
390
540
15
300
200
15
450
100
15
60
570
15
260
500
15
600
150
15
650
430
15
75
200
15
560
310
15
260
60
15
375
620
