11
1
1
11
700
700
11
1
700
11
700
1
15
700
50
15
700
100
15
700
150
15
700
200
15
700
250
15
700
300
15
700
350
15
700
400
15
700
450
15
700
500
15
700
550
15
700
600
15
700
650
15
50
1
15
100
1
15
150
1
15
200
1
15
250
1
15
300
1
15
350
1
15
400
1
15
440
1
15
620
1
15
660
1
15
50
700
15
100
700
15
150
700
15
200
700
15
250
700
15
300
700
15
350
700
15
400
700
15
440
700
15
620
700
15
660
700
15
1
50
15
1
100
15
1
150
15
1
200
15
1
240
15
1
430
15
1
485
15
1
540
15
1
600
15
1
650
15
85
95
15
170
95
15
255
95
15
340
95
15
425
95
15
40
200
15
125
200
15
210
200
15
295
200
15
380
200
15
435
200
11
40
250
11
120
250
11
205
250
11
290
250
11
375
250
15
85
605
15
170
605
15
255
605
15
340
605
15
425
605
15
40
510
15
125
510
15
210
510
15
295
510
15
380
510
15
435
510
11
85
415
11
170
415
11
255
415
11
340
415
11
415
415
12
650
50
12
650
100
12
650
150
12
650
200
12
650
250
12
650
300
12
650
350
12
650
400
12
650
450
12
650
500
12
650
550
12
650
600
12
650
650
12
600
50
12
600
100
12
600
150
12
600
200
12
600
250
12
600
300
12
600
350
12
600
400
12
600
450
12
600
500
12
600
550
12
600
600
12
600
650
12
625
75
12
625
125
12
625
175
12
625
225
12
625
275
12
625
325
12
625
375
12
625
425
12
625
475
12
625
525
12
625
575
12
625
625
