11
1
1
11
700
700
11
1
700
11
700
1
15
700
50
15
700
100
15
700
150
15
700
200
15
700
250
15
700
300
15
700
350
15
700
400
15
700
450
15
700
500
15
700
550
15
700
600
15
700
650
15
40
1
15
80
1
15
300
1
15
350
1
15
400
1
15
450
1
15
500
1
15
550
1
15
600
1
15
650
1
15
40
700
15
80
700
15
250
700
15
300
700
15
350
700
15
400
700
15
450
700
15
500
700
15
550
700
15
600
700
15
650
700
15
1
50
15
1
100
15
1
150
15
1
200
15
1
250
15
1
300
15
1
350
15
1
400
15
1
450
15
1
500
15
1
550
15
1
600
15
1
650
11
100
310
11
150
310
11
200
310
11
250
310
11
80
280
11
130
280
11
180
280
11
230
280
11
280
280
11
100
250
11
150
250
11
200
250
11
250
250
15
60
40
15
80
100
15
60
150
15
50
200
15
40
270
15
65
320
15
48
370
15
70
440
15
55
500
15
40
550
15
70
600
15
60
660
15
300
150
15
358
150
15
416
150
15
474
150
15
532
150
15
590
150
15
300
200
15
350
200
15
400
200
15
450
200
15
500
200
15
550
200
15
416
350
15
474
350
15
532
350
15
590
350
15
638
350
15
400
400
15
450
400
15
500
400
15
550
400
15
600
400
15
650
400
15
265
360
15
260
430
15
270
490
15
260
550
15
310
560
15
358
545
15
416
550
15
474
545
15
532
565
15
590
560
