11
1
1
11
700
700
11
1
700
11
700
1
15
700
50
15
700
100
15
700
150
15
700
200
15
700
250
15
700
450
15
700
500
15
700
550
15
700
600
15
700
650
15
50
1
15
100
1
15
150
1
15
200
1
15
250
1
15
300
1
15
350
1
15
400
1
15
450
1
15
500
1
15
550
1
15
600
1
15
650
1
15
50
700
15
100
700
15
150
700
15
200
700
15
250
700
15
300
700
15
350
700
15
400
700
15
450
700
15
500
700
15
550
700
15
600
700
15
650
700
15
1
50
15
1
100
15
1
150
15
1
200
15
1
250
15
1
450
15
1
500
15
1
550
15
1
600
15
1
650
15
300
578
15
128
436
15
257
635
15
140
645
15
243
123
15
321
354
11
435
132
11
111
80
11
534
435
11
200
300
11
400
435
11
352
310
15
345
267
15
450
550
15
470
180
15
580
600
15
390
230
11
235
250
11
640
400
11
470
330
11
240
160
15
100
240
15
620
100
11
50
600
11
450
590
15
300
430
15
60
125
11
160
540
2
200
650
15
200
500
15
360
60
15
640
510
11
660
140
11
600
210
15
590
280
15
490
460
